Total_Cost = 88.8623

on_route [*,*]
:   c16 c23 c35 c55 c13 c54 c57 c40 c38  c4 c11 c42 c24 c47 c30 c44 c60  c8 c17 :=
c16   0   0   0   0   1   0   0   0   0   0   0   0   0   0   0   0   0   0   0
c23   0   0   0   0   0   0   0   0   0   0   0   0   0   0   0   0   0   0   0
c35   0   0   0   0   0   0   0   0   0   0   0   0   0   0   0   0   0   0   0
c55   0   0   1   0   0   0   0   0   0   0   0   0   0   0   0   0   0   0   0
c13   0   0   0   0   0   0   0   0   0   0   0   0   0   0   0   0   0   0   0
c54   0   0   0   0   0   0   0   0   0   0   0   0   0   0   0   0   0   0   0
c57   0   0   0   0   0   0   0   0   0   0   0   1   0   0   0   0   0   0   0
c40   0   0   0   0   0   0   0   0   0   0   1   0   0   0   0   0   0   0   0
c38   1   0   0   0   0   0   0   0   0   0   0   0   0   0   0   0   0   0   0
c4    0   0   0   0   0   0   0   0   0   0   0   0   0   0   0   0   1   0   0
c11   0   0   0   0   0   0   0   0   0   0   0   0   0   0   0   0   0   0   0
c42   0   0   0   0   0   0   0   0   1   0   0   0   0   0   0   0   0   0   0
c24   0   0   0   0   0   0   0   0   0   0   0   0   0   0   0   0   0   1   0
c47   0   0   0   0   0   0   0   1   0   0   0   0   0   0   0   0   0   0   0
c30   0   0   0   0   0   0   0   0   0   0   0   0   0   0   0   0   0   0   0
c44   0   0   0   0   0   0   0   0   0   0   0   0   0   0   1   0   0   0   0
c60   0   0   0   0   0   0   0   0   0   0   0   0   0   0   0   1   0   0   0
c8    0   0   0   0   0   0   0   0   0   0   0   0   0   0   0   0   0   0   1
c17   0   0   0   0   0   1   0   0   0   0   0   0   0   0   0   0   0   0   0
c1    0   0   0   0   0   0   1   0   0   0   0   0   0   0   0   0   0   0   0
c53   0   1   0   0   0   0   0   0   0   0   0   0   0   0   0   0   0   0   0
c21   0   0   0   0   0   0   0   0   0   1   0   0   0   0   0   0   0   0   0
c29   0   0   0   0   0   0   0   0   0   0   0   0   0   1   0   0   0   0   0
c36   0   0   0   0   0   0   0   0   0   0   0   0   1   0   0   0   0   0   0
c12   0   0   0   0   0   0   0   0   0   0   0   0   0   0   0   0   0   0   0
d1    0   0   0   1   0   0   0   0   0   0   0   0   0   0   0   0   0   0   0

:    c1 c53 c21 c29 c36 c12  d1    :=
c16   0   0   0   0   0   0   0
c23   1   0   0   0   0   0   0
c35   0   0   1   0   0   0   0
c55   0   0   0   0   0   0   0
c13   0   0   0   0   0   1   0
c54   0   1   0   0   0   0   0
c57   0   0   0   0   0   0   0
c40   0   0   0   0   0   0   0
c38   0   0   0   0   0   0   0
c4    0   0   0   0   0   0   0
c11   0   0   0   0   0   0   1
c42   0   0   0   0   0   0   0
c24   0   0   0   0   0   0   0
c47   0   0   0   0   0   0   0
c30   0   0   0   0   1   0   0
c44   0   0   0   0   0   0   0
c60   0   0   0   0   0   0   0
c8    0   0   0   0   0   0   0
c17   0   0   0   0   0   0   0
c1    0   0   0   0   0   0   0
c53   0   0   0   0   0   0   0
c21   0   0   0   0   0   0   0
c29   0   0   0   0   0   0   0
c36   0   0   0   0   0   0   0
c12   0   0   0   1   0   0   0
d1    0   0   0   0   0   0   0
;

