facility [*] :=
 f1  0
 f2  0
 f3  1
 f4  1
 f5  1
 f6  1
 f7  1
 f8  1
 f9  1
f10  1
f11  1
f12  0
f13  1
f14  1
f15  1
;

assign [*,*]
:    f1  f2  f3  f4  f5  f6  f7  f8  f9 f10 f11 f12 f13 f14 f15    :=
c1    0   0   1   0   0   0   0   0   0   0   0   0   0   0   0
c2    0   0   1   0   0   0   0   0   0   0   0   0   0   0   0
c3    0   0   1   0   0   0   0   0   0   0   0   0   0   0   0
c4    0   0   0   1   0   0   0   0   0   0   0   0   0   0   0
c5    0   0   1   0   0   0   0   0   0   0   0   0   0   0   0
c6    0   0   1   0   0   0   0   0   0   0   0   0   0   0   0
c7    0   0   0   1   0   0   0   0   0   0   0   0   0   0   0
c8    0   0   1   0   0   0   0   0   0   0   0   0   0   0   0
c9    0   0   1   0   0   0   0   0   0   0   0   0   0   0   0
c10   0   0   0   0   1   0   0   0   0   0   0   0   0   0   0
c11   0   0   0   1   0   0   0   0   0   0   0   0   0   0   0
c12   0   0   0   1   0   0   0   0   0   0   0   0   0   0   0
c13   0   0   1   0   0   0   0   0   0   0   0   0   0   0   0
c14   0   0   1   0   0   0   0   0   0   0   0   0   0   0   0
c15   0   0   1   0   0   0   0   0   0   0   0   0   0   0   0
c16   0   0   1   0   0   0   0   0   0   0   0   0   0   0   0
c17   0   0   0   1   0   0   0   0   0   0   0   0   0   0   0
c18   0   0   0   1   0   0   0   0   0   0   0   0   0   0   0
c19   0   0   1   0   0   0   0   0   0   0   0   0   0   0   0
c20   0   0   1   0   0   0   0   0   0   0   0   0   0   0   0
c21   0   0   1   0   0   0   0   0   0   0   0   0   0   0   0
c22   0   0   0   0   1   0   0   0   0   0   0   0   0   0   0
c23   0   0   0   1   0   0   0   0   0   0   0   0   0   0   0
c24   0   0   0   1   0   0   0   0   0   0   0   0   0   0   0
c25   0   0   0   0   0   1   0   0   0   0   0   0   0   0   0
c26   0   0   1   0   0   0   0   0   0   0   0   0   0   0   0
c27   0   0   0   0   0   0   0   0   1   0   0   0   0   0   0
c28   0   0   0   0   0   0   0   1   0   0   0   0   0   0   0
c29   0   0   0   0   0   0   0   1   0   0   0   0   0   0   0
c30   0   0   0   0   0   0   0   0   1   0   0   0   0   0   0
c31   0   0   0   0   0   0   0   0   1   0   0   0   0   0   0
c32   0   0   0   1   0   0   0   0   0   0   0   0   0   0   0
c33   0   0   0   0   0   1   0   0   0   0   0   0   0   0   0
c34   0   0   0   0   0   0   1   0   0   0   0   0   0   0   0
c35   0   0   0   0   0   1   0   0   0   0   0   0   0   0   0
c36   0   0   0   0   0   1   0   0   0   0   0   0   0   0   0
c37   0   0   0   0   0   0   0   0   1   0   0   0   0   0   0
c38   0   0   0   0   0   0   1   0   0   0   0   0   0   0   0
c39   0   0   0   0   0   0   0   1   0   0   0   0   0   0   0
c40   0   0   0   0   0   1   0   0   0   0   0   0   0   0   0
c41   0   0   0   0   0   0   0   0   1   0   0   0   0   0   0
c42   0   0   0   0   0   0   1   0   0   0   0   0   0   0   0
c43   0   0   0   0   0   0   0   0   0   0   0   0   1   0   0
c44   0   0   0   0   0   0   0   0   0   0   1   0   0   0   0
c45   0   0   0   0   0   0   0   0   0   0   0   0   0   1   0
c46   0   0   0   0   0   0   0   0   1   0   0   0   0   0   0
c47   0   0   0   0   0   0   0   0   0   1   0   0   0   0   0
c48   0   0   0   0   0   0   0   0   0   0   0   0   1   0   0
c49   0   0   0   0   0   0   0   0   0   0   0   0   0   0   1
c50   0   0   0   0   0   0   0   0   0   0   0   0   0   0   1
c51   0   0   0   0   0   0   0   0   0   1   0   0   0   0   0
c52   0   0   0   0   0   0   0   0   0   0   1   0   0   0   0
c53   0   0   0   0   0   0   0   0   0   0   0   0   0   1   0
c54   0   0   0   0   0   0   0   0   0   0   0   0   0   1   0
c55   0   0   0   0   0   0   0   0   0   0   0   0   0   0   1
c56   0   0   0   0   0   0   0   0   0   0   0   0   0   1   0
c57   0   0   0   0   0   0   0   0   0   0   0   0   0   0   1
c58   0   0   0   0   0   0   0   0   0   0   0   0   0   0   1
c59   0   0   0   0   0   0   0   0   0   0   0   0   0   0   1
c60   0   0   0   0   0   0   0   0   0   0   0   0   1   0   0
;

Total_Cost = 238.555

